name: Vanguard Engine (Pure Geometric Policy) evolved #1661
engine: Vanguard Engine (Pure Geometric Policy)
vanguard_material: 429.61300553600745
vanguard_safety: 45.432112575585265
vanguard_rescue: 114.95299042009961
vanguard_outpost: 35.72638158929816
vanguard_threats: 65.7168435930517
vanguard_advancement: 15.823296695560211
vanguard_center: 22.989883455118832
vanguard_king_hunt: 28.761185354206496
