name: Vanguard Engine (Pure Geometric Policy) evolved 6673
engine: Vanguard Engine (Pure Geometric Policy)
vanguard_material: 371.6086724056036
vanguard_safety: 442.0955737043629
vanguard_rescue: 164.1332421991867
vanguard_outpost: 69.88596458426649
vanguard_threats: 163.22332889777948
vanguard_advancement: 6.112721339488964
vanguard_center: 1.5309550310863342
vanguard_king_hunt: 10.724457140009607
