name: Vanguard Engine (Pure Geometric Policy) evolved 1975
engine: Vanguard Engine (Pure Geometric Policy)
vanguard_material: 448.5466811873729
vanguard_safety: 273.1198415626526
vanguard_rescue: 3.3873937255471906
vanguard_outpost: 11.401739171347462
vanguard_threats: 129.03157774514224
vanguard_advancement: 0
vanguard_center: 46.311045419816296
vanguard_king_hunt: 46.91864582872101
