name: Vanguard Engine (Pure Geometric Policy) evolved 4272
engine: Vanguard Engine (Pure Geometric Policy)
vanguard_material: 349.96254347304813
vanguard_safety: 371.22048415255995
vanguard_rescue: 33.25075772179855
vanguard_outpost: 60.7695001017425
vanguard_threats: 171.18705028070548
vanguard_advancement: 5.655658281422281
vanguard_center: 12.092123850596373
vanguard_king_hunt: 15.9771751781707
