name: Vanguard Engine (Pure Geometric Policy) evolved 8810
engine: Vanguard Engine (Pure Geometric Policy)
vanguard_material: 272.44798848534515
vanguard_safety: 245.75285481598402
vanguard_rescue: 28.71176340387807
vanguard_outpost: 64.1364598193511
vanguard_threats: 125.89031752485953
vanguard_advancement: 5.106463569996291
vanguard_center: 18.67670823045051
vanguard_king_hunt: 9.062169901152666
