name: Vanguard Engine (Pure Geometric Policy) evolved 2249
engine: Vanguard Engine (Pure Geometric Policy)
vanguard_material: 82.6014915608714
vanguard_safety: 372.6797423584024
vanguard_rescue: 140.67736947469223
vanguard_outpost: 19.40781175562947
vanguard_threats: 178.94335167015151
vanguard_advancement: 4.660127986743336
vanguard_center: 27.145793452345373
vanguard_king_hunt: 47.063570030751514
