name: Vanguard Engine (Pure Geometric Policy) evolved 9250
engine: Vanguard Engine (Pure Geometric Policy)
vanguard_material: 161.90072212472222
vanguard_safety: 203.14707285283305
vanguard_rescue: 63.092094187380496
vanguard_outpost: 67.07627314670341
vanguard_threats: 109.32660804885467
vanguard_advancement: 1.8105311701423998
vanguard_center: 7.093043684390606
vanguard_king_hunt: 0
