name: Vanguard Engine (Pure Geometric Policy) evolved 4296
engine: Vanguard Engine (Pure Geometric Policy)
vanguard_material: 350.84912682787143
vanguard_safety: 352.74053207563117
vanguard_rescue: 35.51248597905981
vanguard_outpost: 61.51396536457626
vanguard_threats: 165.9420395866789
vanguard_advancement: 4.4385631334996205
vanguard_center: 13.62536040573075
vanguard_king_hunt: 16.055189042141564
