name: Vanguard Engine (Pure Geometric Policy) evolved 7077
engine: Vanguard Engine (Pure Geometric Policy)
vanguard_material: 247.88579102937297
vanguard_safety: 267.4191423995707
vanguard_rescue: 91.81701932476577
vanguard_outpost: 74.61990886991177
vanguard_threats: 191.8943739799702
vanguard_advancement: 6.494162694784022
vanguard_center: 14.199020084079775
vanguard_king_hunt: 7.267183233124638
