name: Vanguard Engine (Pure Geometric Policy) evolved 3871
engine: Vanguard Engine (Pure Geometric Policy)
vanguard_material: 231.64036285047138
vanguard_safety: 455.9174769071029
vanguard_rescue: 178.041170354103
vanguard_outpost: 63.83266774490228
vanguard_threats: 180.05721515526898
vanguard_advancement: 7.957177702699015
vanguard_center: 22.754235208619196
vanguard_king_hunt: 23.455428453239804
