name: Vanguard Engine (Pure Geometric Policy) evolved 9557
engine: Vanguard Engine (Pure Geometric Policy)
vanguard_material: 275.2313285394131
vanguard_safety: 240.24224696826118
vanguard_rescue: 93.13285858995938
vanguard_outpost: 73.3861227336906
vanguard_threats: 98.34138744079195
vanguard_advancement: 6.194057995211877
vanguard_center: 0
vanguard_king_hunt: 8.547728844419675
