name: Vanguard Engine (Pure Geometric Policy) evolved 7997
engine: Vanguard Engine (Pure Geometric Policy)
vanguard_material: 281.0245413923589
vanguard_safety: 254.76308841112973
vanguard_rescue: 88.22788665745733
vanguard_outpost: 85.92947441924515
vanguard_threats: 157.13429292746258
vanguard_advancement: 5.415824389973089
vanguard_center: 13.492180319306065
vanguard_king_hunt: 16.11792814194
